0 10 2
0 4 10
1 0 2
1 2 3
13 0 5
13 4 0
1 14 6
3 2 9
12 3 9
11 13 5
11 5 15
8 6 16
19 16 6
8 16 17
20 12 9
4 18 10
3 19 14
11 15 21
20 9 22
3 12 20
3 20 24
3 24 19
25 16 19
11 21 30
20 31 24
23 34 27
29 31 20
29 33 31
42 26 31
31 35 42
39 34 32
32 36 39
36 38 39
37 35 40
34 39 38
41 46 35
40 35 45
40 47 37
43 51 48
40 45 44
37 50 51
37 51 43
51 53 48
49 44 54
51 50 53
54 44 55
52 49 56
52 56 57
49 54 56
57 47 52
58 54 61
54 58 56
55 44 62
44 45 62
60 47 57
50 60 63
55 62 66
56 58 57
58 65 57
66 62 59
60 70 63
64 55 69
65 74 57
60 57 70
67 58 61
67 68 58
68 77 58
78 64 69
57 74 70
79 83 72
68 91 77
84 72 83
65 80 74
76 67 61
81 76 86
81 82 76
77 91 85
77 85 65
80 65 85
91 88 85
82 67 76
82 93 67
80 89 74
76 78 86
93 79 67
86 92 87
93 94 79
95 82 81
85 88 99
96 75 89
84 88 91
74 89 75
98 100 97
95 94 93
80 96 89
97 100 106
101 103 87
101 87 98
103 115 107
103 107 94
95 103 94
98 87 100
108 104 112
114 88 105
84 90 105
106 100 102
99 117 111
101 120 115
104 110 112
111 117 122
111 116 96
108 123 90
90 123 105
121 126 124
113 127 110
120 107 115
126 122 128
116 111 122
110 127 112
113 94 129
94 107 129
114 137 117
114 131 137
114 105 131
98 119 134
120 98 135
125 126 128
117 137 130
98 134 135
140 107 120
107 140 129
117 136 128
136 117 130
131 132 138
133 139 108
130 141 136
123 139 142
123 142 132
128 136 125
137 143 130
131 138 137
143 137 138
139 146 142
133 147 139
139 147 146
142 146 150
141 151 136
138 149 143
138 150 149
141 148 151
153 148 149
146 147 154
146 154 150
148 153 151
144 152 145
145 159 147
156 150 154
155 150 156
150 155 149
145 157 159
149 160 153
156 161 155
155 160 149
155 163 160
159 157 154
161 163 155
157 162 154
164 154 162
165 156 164
156 165 161
166 160 167
167 160 163
167 163 165
168 167 164
165 164 167
158 162 157
168 164 171
169 171 170
162 158 170
37 42 35
79 172 83
83 172 110
172 94 113
110 172 113
84 104 90
90 104 108
127 118 112
35 33 41
22 28 20
98 120 101
116 122 126
116 126 121
19 6 14
26 19 24
72 84 91
83 110 104
29 20 28
72 91 68
108 112 118
108 118 133
127 133 118
79 94 172
86 78 92
122 117 128
119 109 134
105 132 131
123 108 139
166 167 168
92 78 71
163 161 165
87 92 100
30 34 23
55 66 69
80 99 96
164 162 170
84 105 88
127 113 133
1 3 14
82 95 93
145 147 144
152 158 145
52 40 44
52 44 49
65 58 77
95 87 103
95 81 87
173 97 106
18 11 23
50 47 60
75 63 74
80 85 99
115 103 101
124 126 125
84 83 104
33 35 31
64 78 76
86 87 81
164 156 154
171 164 170
30 23 11
74 63 70
147 133 144
79 72 73
79 73 67
144 133 113
35 46 45
52 47 40
159 154 147
26 24 31
69 71 78
69 66 71
59 62 45
37 43 42
50 37 47
123 132 105
140 120 135
157 145 158
142 138 132
143 141 130
97 109 119
97 119 98
148 143 149
148 141 143
68 67 73
68 73 72
25 19 26
111 96 99
114 117 99
17 7 8
30 21 32
30 32 34
174 4 13
174 11 18
174 18 4
174 13 11
175 54 55
175 61 54
175 55 64
176 0 1
176 8 7
175 64 76
175 76 61
6 8 176
6 176 1
0 7 5
0 176 7
5 7 15
102 100 92
138 142 150
99 88 114
