-88.707117 14.797918 -10.852268
-88.697610 11.239818 -10.565077
-87.996309 10.425434 -6.851158
-86.622863 8.265669 -9.735790
-87.847236 15.521951 -7.121918
-88.402018 17.687935 -11.754150
-88.044460 11.664912 -13.968911
-88.241787 17.234677 -17.218377
-88.457353 13.677611 -16.419135
-86.308164 7.766728 -5.308153
-86.837318 13.323093 -4.784335
-86.205461 21.056930 -9.714886
-86.260177 7.273113 -8.144025
-87.993671 19.025558 -10.169855
-86.118642 9.373303 -12.763832
-87.162315 21.043380 -15.073513
-86.723097 11.052175 -17.736205
-88.140787 13.428010 -19.417445
-86.267822 16.891927 -4.252213
-83.501689 10.791027 -13.903856
-83.801423 6.245239 -8.565825
-84.290920 22.089387 -10.692409
-84.113174 5.053518 -4.688091
-82.819135 19.003277 -5.468128
-82.534670 7.284630 -12.547343
-82.804144 8.835402 -17.134444
-79.396881 7.363819 -16.016801
-81.236377 18.907787 -5.463521
-82.548915 5.269081 -4.674742
-80.552459 5.229346 -7.054572
-82.142009 20.668829 -8.725053
-79.546431 5.579737 -11.729827
-80.583279 21.984239 -11.814378
-77.953454 3.593379 -6.679506
-78.290012 19.457651 -7.920873
-73.816018 3.275817 -9.091522
-79.142550 23.210350 -11.313845
-75.072618 6.622764 -8.493372
-76.455804 23.036159 -10.129907
-76.630718 20.779982 -10.190453
-73.210568 6.786105 -5.310587
-74.954019 1.636645 -7.007423
-76.709543 5.675956 -12.958839
-76.101408 4.478607 -11.349289
-69.801685 7.321889 -5.032112
-68.926646 4.050576 -8.211578
-71.514552 1.369799 -8.047868
-71.058783 7.599823 -7.593624
-73.019230 1.913075 -12.097517
-69.366864 10.411286 -3.567659
-69.694138 5.266781 -9.889890
-72.483640 3.452327 -10.519324
-70.582150 9.124480 -5.645256
-70.093178 1.382691 -10.536893
-67.158520 10.307624 -1.114184
-66.275191 7.976737 -3.757765
-67.048759 11.174605 -4.881611
-66.165951 9.197317 -7.454420
-64.481852 10.638574 -1.621104
-64.849229 2.643507 -7.028894
-66.400385 7.798460 -9.402146
-63.058220 11.477303 1.255270
-65.692676 5.953863 -6.463008
-65.520472 2.390216 -7.852525
-62.082405 6.683936 -2.757977
-61.971819 7.777347 -3.954745
-62.964063 4.295948 -5.769202
-61.369504 14.437055 -1.794298
-61.882974 14.052995 -3.916366
-62.131762 5.311006 -4.365161
-64.313065 5.030650 -8.166797
-60.033545 1.707880 -4.994536
-61.302030 17.079550 -6.438242
-62.883479 16.704032 -5.700938
-62.934689 4.358004 -6.721204
-60.379941 1.278269 -5.955517
-60.743866 10.057570 -0.799888
-60.842536 10.376071 -3.861647
-59.343418 4.617517 -2.994580
-59.408096 16.724208 -3.843368
-59.029908 5.792300 -4.384891
-59.593129 9.742149 -4.074819
-60.135548 12.178521 -4.894616
-58.235327 20.031573 -3.983763
-58.066191 18.051096 -7.610914
-58.758361 9.865136 -5.213474
-58.310463 6.750615 -2.427535
-56.090168 8.551577 -3.602961
-56.574322 11.570577 -6.150932
-58.940434 3.376101 -5.939701
-56.202622 19.540949 -7.980231
-58.778039 13.153022 -6.368214
-56.325724 2.919047 -2.644772
-59.221229 14.367156 -4.955944
-55.109975 16.632250 -6.046355
-57.440370 12.124288 -6.000141
-56.370615 2.614929 -4.902313
-53.847055 7.028592 2.125770
-52.205473 8.936208 -0.953420
-55.501789 8.169708 -4.871834
-53.001376 6.333187 -0.231454
-53.990703 11.276843 -1.574557
-53.371432 3.017688 -0.854423
-55.537440 12.585640 -3.923950
-56.549003 22.090316 -5.870026
-53.795686 15.543269 -7.043000
-52.502193 4.346795 1.669656
-51.916432 14.706965 -5.307842
-52.502750 20.988667 -8.274180
-51.921477 4.108587 2.715875
-54.315934 22.480412 -3.407139
-54.287126 5.557966 -3.929664
-53.595938 24.155065 -6.131332
-51.562667 21.257367 -5.414982
-53.049278 12.146730 -4.841253
-53.174050 12.474226 -3.432773
-53.123529 1.367928 -1.805641
-52.386246 9.813161 -3.210349
-51.903575 23.829072 -7.952029
-51.155094 6.267953 0.122355
-49.586060 10.862533 -3.683259
-51.716199 0.224964 -0.559952
-52.000577 4.783375 -1.254251
-51.293848 19.107645 -8.234085
-49.177137 0.233179 0.878719
-49.068493 4.285089 0.375014
-50.834351 3.328188 0.197657
-51.076604 24.021270 -4.323879
-49.987834 6.598903 -0.893789
-49.540782 17.546098 -5.171190
-50.167388 10.546167 -3.684391
-50.660244 14.435190 -5.817571
-50.598406 17.164021 -7.607542
-49.114181 24.774943 -6.974470
-49.311087 5.557479 -0.117454
-47.183642 9.096396 -2.152172
-47.315768 7.085986 -1.449467
-49.141307 12.909291 -4.860644
-46.914533 15.201591 -5.808063
-48.239740 20.390620 -8.136390
-45.612021 14.317351 -1.774470
-46.181528 9.202906 -2.406345
-47.474061 18.056209 -7.578757
-46.516462 12.564125 -4.448191
-45.664503 25.023868 -7.434322
-42.022218 26.771587 -9.317824
-45.757609 20.500569 -8.397481
-44.966910 22.695966 -8.391838
-43.563832 10.714339 -2.817093
-43.707888 13.876123 -5.541849
-44.099390 16.657335 -7.399721
-42.898896 7.872059 -0.576156
-41.812841 26.580225 -4.916439
-40.126895 9.643792 -3.285080
-41.347188 20.336800 -9.221959
-41.555734 15.262865 -8.321802
-40.260395 17.396748 -9.989816
-39.484131 24.126187 -9.613693
-38.050267 25.995557 -7.697268
-41.468004 22.846594 -8.814652
-38.537418 13.237814 -6.351813
-39.547512 15.981475 -9.888882
-35.966717 23.032151 -9.996601
-38.192289 15.709910 -8.273331
-36.219383 19.794772 -9.037234
-37.394063 17.802835 -9.394257
-36.386817 14.765414 -6.164114
-36.196522 16.535190 -7.134138
-33.756306 16.642404 -7.015608
-31.183113 17.784164 -12.487022
-33.658198 21.305482 -10.638336
-32.613379 18.183502 -9.978636
-55.952791 19.039266 -3.441406
-53.210201 4.538164 3.054800
-87.072679 17.971147 -8.049537
-63.617055 8.178499 -1.234386
-88.640271 13.521250 -12.959798
